49.668	49.652	49.746	49.746	49.75	49.762	49.75	49.75	49.75	49.746	49.75	49.746	49.746	49.84	49.84	49.832	49.871	49.895	49.883	49.926	49.922	49.926	49.918	50	50.004	49.992	49.918	49.922	49.926	49.918	49.926	49.926	49.879	49.883	49.879	49.926	49.824	49.844	49.855	49.84	49.832	49.844	49.832	49.84	49.844	49.852	49.844	49.832	49.871	49.867	49.871	49.871	49.867	49.871	49.934	49.922	49.922	49.922	49.926	49.926
51.02	51.105	51.109	51.105	51.094	51.105	51.098	51.109	51.105	51.109	51.109	51.098	51.105	51.105	51.109	51.152	51.133	51.148	51.18	51.191	51.219	51.191	51.273	51.273	51.273	51.273	51.273	51.27	51.176	51.191	51.18	51.191	51.18	51.141	51.125	51.125	51.137	51.109	51.109	51.109	51.121	51.113	51.121	51.133	51.125	51.148	51.137	51.191	51.203	51.203	51.195	51.195	51.191	51.195	51.18	51.191	51.187	51.273	51.262	51.281
54.16	54.16	54.16	54.156	54.172	54.145	54.148	54.16	54.203	54.203	54.203	54.203	54.211	54.211	54.289	54.297	54.305	54.309	54.293	54.277	54.375	54.316	54.375	54.293	54.293	54.293	54.281	54.297	54.203	54.211	54.211	54.215	54.176	54.168	54.156	54.121	54.148	54.133	54.129	54.051	54.066	54.047	54.055	54.141	54.129	54.141	54.145	54.129	54.121	54.141	54.129	54.129	54.121	54.129	54.145	54.172	54.172	54.168	54.172	54.156
55.223	55.227	55.227	55.223	55.215	55.234	55.223	55.227	55.234	55.227	55.215	55.227	55.227	55.234	55.227	55.227	55.238	55.309	55.316	55.289	55.305	55.305	55.309	55.305	55.309	55.316	55.238	55.223	55.223	55.227	55.234	55.227	55.234	55.227	55.242	55.227	55.227	55.145	55.133	55.141	55.156	55.145	55.145	55.141	55.145	55.133	55.141	55.129	55.141	55.148	55.129	55.148	55.148	55.145	55.141	55.148	55.242	55.234	55.234	55.234
55.234	55.227	55.211	55.227	55.234	55.238	55.211	55.234	55.227	55.223	55.215	55.227	55.234	55.227	55.223	55.305	55.305	55.391	55.391	55.402	55.391	55.402	55.391	55.387	55.391	55.316	55.316	55.316	55.238	55.234	55.234	55.238	55.227	55.234	55.238	55.215	55.223	55.238	55.227	55.145	55.148	55.145	55.238	55.223	55.227	55.227	55.215	55.227	55.238	55.238	55.238	55.227	55.141	55.145	55.227	55.227	55.223	55.227	55.223	55.215
55.496	55.492	55.492	55.492	55.492	55.484	55.492	55.484	55.504	55.496	55.492	55.496	55.492	55.484	55.574	55.574	55.574	55.652	55.641	55.641	55.652	55.652	55.652	55.645	55.652	55.586	55.574	55.578	55.574	55.492	55.492	55.48	55.457	55.457	55.469	55.398	55.398	55.414	55.402	55.402	55.41	55.418	55.41	55.41	55.418	55.402	55.402	55.41	55.465	55.469	55.469	55.465	55.437	55.469	55.453	55.477	55.477	55.449	55.465	55.492
55.48	55.465	55.551	55.559	55.559	55.551	55.559	55.566	55.559	55.574	55.477	55.48	55.484	55.469	55.496	55.574	55.562	55.559	55.641	55.641	55.625	55.641	55.629	55.641	55.625	55.641	55.586	55.562	55.574	55.574	55.574	55.562	55.562	55.566	55.508	55.48	55.469	55.492	55.48	55.477	55.484	55.48	55.477	55.484	55.48	55.496	55.484	55.492	55.496	55.477	55.492	55.484	55.484	55.477	55.484	55.484	55.484	55.48	55.48	55.48
55.695	55.711	55.695	55.727	55.738	55.738	55.715	55.723	55.734	55.734	55.738	55.734	55.816	55.809	55.828	55.82	55.871	55.855	55.863	55.863	55.875	55.855	55.855	55.809	55.805	55.809	55.805	55.734	55.723	55.715	55.723	55.727	55.711	55.687	55.695	55.699	55.652	55.641	55.645	55.645	55.652	55.641	55.633	55.633	55.645	55.645	55.645	55.645	55.629	55.652	55.645	55.695	55.687	55.684	55.687	55.684	55.695	55.699	55.711	55.711
55.668	55.734	55.734	55.734	55.746	55.738	55.734	55.734	55.746	55.738	55.734	55.738	55.746	55.738	55.738	55.75	55.738	55.75	55.727	55.75	55.746	55.738	55.746	55.738	55.727	55.723	55.738	55.754	55.723	55.738	55.746	55.668	55.707	55.687	55.695	55.656	55.656	55.66	55.668	55.656	55.656	55.656	55.652	55.652	55.652	55.66	55.652	55.66	55.652	55.687	55.695	55.66	55.695	55.68	55.684	55.652	55.652	55.68	55.687	55.672
55.734	55.727	55.723	55.734	55.746	55.738	55.832	55.746	55.82	55.828	55.805	55.82	55.82	55.809	55.816	55.801	55.828	55.836	55.828	55.82	55.809	55.828	55.828	55.809	55.828	55.816	55.816	55.828	55.75	55.738	55.734	55.687	55.738	55.734	55.652	55.656	55.652	55.668	55.652	55.656	55.641	55.656	55.668	55.645	55.68	55.656	55.66	55.645	55.656	55.66	55.699	55.723	55.715	55.695	55.695	55.695	55.707	55.715	55.711	55.699
55.727	55.727	55.734	55.738	55.738	55.727	55.734	55.734	55.727	55.734	55.723	55.746	55.738	55.816	55.809	55.828	55.805	55.863	55.875	55.875	55.855	55.848	55.863	55.863	55.91	55.844	55.809	55.828	55.82	55.828	55.734	55.727	55.727	55.75	55.715	55.723	55.715	55.707	55.699	55.687	55.68	55.707	55.695	55.734	55.746	55.727	55.746	55.738	55.734	55.738	55.746	55.746	55.734	55.738	55.738	55.75	55.746	55.738	55.734	55.746
55.859	55.871	55.871	55.863	55.875	55.832	55.898	55.848	55.887	55.926	55.922	55.914	55.926	55.996	55.996	56.008	56.035	56.074	56.078	56.098	56.078	56.09	56.09	56.078	56.078	56.086	55.992	56.004	56.004	55.996	55.996	55.902	55.914	55.914	55.926	55.914	55.922	55.91	55.91	55.91	55.895	55.848	55.887	55.91	55.883	55.875	55.922	55.922	55.93	55.926	55.922	55.914	55.922	55.926	55.922	55.914	55.922	55.926	55.914	55.914
55.922	55.941	55.91	55.914	55.922	55.91	55.914	55.914	55.91	55.914	55.977	55.922	55.914	55.902	55.992	56.008	56.02	56.004	56.008	55.996	56.004	56.012	56.008	56.008	56.008	55.996	55.992	56.008	55.996	55.914	55.922	55.91	55.914	55.848	55.863	55.844	55.855	55.832	55.828	55.828	55.828	55.816	55.828	55.734	55.828	55.828	55.844	55.836	55.836	55.832	55.832	55.816	55.832	55.828	55.844	55.863	55.875	55.875	55.844	55.859
55.922	55.914	55.914	55.922	55.941	55.914	55.914	55.922	55.937	55.914	55.926	55.91	55.992	56.004	56.004	55.996	56.078	56.078	56.07	56.074	56.09	56.086	56.086	56.078	56.062	56.074	56.062	56.074	56.004	56.004	56.012	55.926	55.922	55.937	55.859	55.863	55.848	55.855	55.883	55.926	55.863	55.871	55.887	55.926	55.848	55.855	55.855	55.855	55.895	55.848	55.863	55.883	55.875	55.863	55.922	55.922	55.926	55.93	55.914	55.914
56.328	56.348	56.34	56.344	56.34	56.344	56.344	56.344	56.348	56.355	56.348	56.344	56.348	56.348	56.34	56.34	56.348	56.344	56.332	56.344	56.437	56.414	56.422	56.43	56.344	56.348	56.328	56.34	56.34	56.332	56.328	56.34	56.34	56.25	56.254	56.25	56.25	56.25	56.25	56.246	56.254	56.246	56.254	56.254	56.25	56.25	56.254	56.262	56.344	56.344	56.34	56.332	56.328	56.332	56.344	56.332	56.355	56.355	56.344	56.348
56.125	56.129	56.117	56.172	56.117	56.117	56.105	56.105	56.125	56.113	56.117	56.125	56.125	56.117	56.117	56.172	56.172	56.184	56.18	56.25	56.168	56.168	56.16	56.168	56.184	56.172	56.168	56.168	56.102	56.133	56.133	56.102	56.117	56.113	56.086	56.09	56.09	56.023	56.008	56.004	55.914	55.914	55.922	55.91	55.941	55.996	56.008	56.008	56.004	56.008	56.008	56.004	56.02	56.086	56.098	56.074	56.086	56.062	56.07	56.086
56.492	56.492	56.504	56.496	56.508	56.477	56.48	56.504	56.492	56.414	56.414	56.41	56.422	56.332	56.34	56.422	56.414	56.41	56.41	56.496	56.496	56.492	56.492	56.508	56.496	56.508	56.492	56.496	56.441	56.426	56.426	56.414	56.414	56.414	56.422	56.41	56.426	56.426	56.41	56.422	56.422	56.41	56.504	56.504	56.496	56.492	56.543	56.535	56.492	56.496	56.496	56.531	56.543	56.523	56.551	56.547	56.586	56.602	56.586	56.578
58.258	58.262	58.211	58.246	58.242	58.242	58.273	58.289	58.285	58.289	58.297	58.289	58.301	58.289	58.297	58.289	58.289	58.297	58.301	58.297	58.305	58.305	58.301	58.285	58.305	58.301	58.234	58.234	58.234	58.223	58.301	58.203	58.203	58.203	58.203	58.207	58.207	58.219	58.203	58.211	58.234	58.246	58.262	58.234	58.297	58.289	58.312	58.301	58.297	58.297	58.297	58.289	58.297	58.273	58.289	58.301	58.301	58.301	58.301	58.297
58.367	58.371	58.383	58.383	58.379	58.383	58.383	58.371	58.379	58.371	58.383	58.371	58.379	58.379	58.359	58.379	58.449	58.437	58.449	58.437	58.445	58.445	58.449	58.434	58.437	58.445	58.391	58.371	58.359	58.379	58.379	58.285	58.277	58.285	58.301	58.297	58.23	58.25	58.234	58.242	58.242	58.207	58.191	58.234	58.234	58.234	58.234	58.234	58.246	58.246	58.246	58.211	58.207	58.203	58.203	58.242	58.242	58.23	58.223	58.234
58.234	58.219	58.234	58.219	58.219	58.219	58.242	58.289	58.301	58.285	58.285	58.285	58.285	58.285	58.277	58.371	58.367	58.383	58.379	58.367	58.383	58.383	58.371	58.285	58.285	58.297	58.277	58.289	58.242	58.23	58.223	58.211	58.203	58.184	58.195	58.195	58.195	58.195	58.207	58.203	58.207	58.195	58.195	58.211	58.219	58.23	58.234	58.207	58.207	58.223	58.234	58.219	58.242	58.223	58.223	58.234	58.234	58.234	58.246	58.246
58.035	58.027	58.035	58.031	58.043	58.027	58.027	58.031	58.02	58.027	58.031	58.031	58.043	58.043	58.043	58.035	58.098	58.109	58.113	58.121	58.121	58.125	58.125	58.137	58.121	58.129	58.113	58.043	58.035	58.031	58.031	58.035	58.047	57.965	57.949	57.953	57.867	57.867	57.871	57.871	57.871	57.859	57.867	57.867	57.867	57.953	57.949	57.973	57.953	57.961	57.961	57.965	57.965	57.965	57.965	57.961	57.945	57.949	57.961	57.953
58.621	58.625	58.625	58.609	58.625	58.629	58.621	58.625	58.625	58.629	58.621	58.625	58.539	58.539	58.527	58.539	58.52	58.609	58.613	58.613	58.613	58.629	58.703	58.652	58.68	58.629	58.676	58.641	58.629	58.613	58.613	58.621	58.543	58.531	58.453	58.449	58.449	58.461	58.453	58.453	58.449	58.461	58.445	58.449	58.445	58.461	58.453	58.461	58.449	58.449	58.461	58.453	58.453	58.445	58.531	58.539	58.543	58.539	58.531	58.543
59.371	59.363	59.395	59.371	59.402	59.395	59.402	59.371	59.312	59.352	59.328	59.352	59.312	59.312	59.328	59.289	59.316	59.316	59.273	59.289	59.328	59.34	59.312	59.312	59.328	59.336	59.355	59.379	59.344	59.324	59.301	59.289	59.195	59.203	59.207	59.207	59.223	59.215	59.297	59.301	59.297	59.316	59.328	59.312	59.309	59.371	59.402	59.371	59.371	59.367	59.406	59.41	59.406	59.41	59.383	59.402	59.492	59.484	59.484	59.473
59.383	59.395	59.379	59.422	59.391	59.406	59.395	59.383	59.422	59.402	59.363	59.371	59.34	59.355	59.352	59.363	59.336	59.363	59.316	59.363	59.309	59.391	59.371	59.402	59.402	59.383	59.395	59.395	59.406	59.316	59.289	59.324	59.316	59.301	59.309	59.301	59.289	59.301	59.328	59.355	59.309	59.395	59.41	59.379	59.484	59.465	59.473	59.461	59.465	59.473	59.457	59.477	59.465	59.477	59.477	59.457	59.465	59.461	59.457	59.488
58.867	58.879	58.867	58.863	58.863	58.785	58.789	58.797	58.785	58.703	58.707	58.695	58.695	58.715	58.703	58.695	58.715	58.797	58.773	58.777	58.797	58.863	58.867	58.871	58.867	58.863	58.871	58.867	58.773	58.785	58.785	58.687	58.687	58.691	58.691	58.687	58.687	58.691	58.703	58.68	58.695	58.687	58.695	58.777	58.785	58.777	58.773	58.773	58.777	58.762	58.789	58.789	58.777	58.797	58.785	58.797	58.785	58.789	58.785	58.785
58.797	58.797	58.797	58.824	58.812	58.816	58.707	58.719	58.719	58.723	58.668	58.68	58.68	58.668	58.664	58.648	58.715	58.715	58.707	58.801	58.789	58.883	58.883	58.879	58.891	58.891	58.883	58.797	58.809	58.809	58.723	58.715	58.715	58.648	58.637	58.668	58.625	58.621	58.637	58.625	58.621	58.629	58.629	58.625	58.652	58.695	58.652	58.652	58.668	58.676	58.637	58.66	58.648	58.621	58.66	58.648	58.66	58.68	58.66	58.652
58.785	58.777	58.789	58.789	58.797	58.703	58.707	58.715	58.707	58.68	58.664	58.641	58.629	58.66	58.715	58.695	58.703	58.703	58.715	58.785	58.797	58.797	58.898	58.879	58.895	58.867	58.785	58.789	58.801	58.707	58.715	58.715	58.687	58.641	58.668	58.668	58.652	58.668	58.668	58.66	58.652	58.715	58.715	58.695	58.797	58.777	58.801	58.867	58.867	58.867	58.777	58.773	58.773	58.762	58.777	58.785	58.797	58.77	58.789	58.797
58.863	58.871	58.863	58.879	58.867	58.797	58.777	58.797	58.789	58.707	58.703	58.707	58.707	58.691	58.695	58.703	58.703	58.707	58.691	58.703	58.695	58.695	58.777	58.785	58.789	58.789	58.703	58.742	58.703	58.715	58.668	58.664	58.648	58.637	58.668	58.652	58.637	58.629	58.664	58.664	58.629	58.687	58.695	58.695	58.789	58.762	58.809	58.871	58.867	58.863	58.871	58.883	58.871	58.871	58.867	58.879	58.863	58.883	58.863	58.852
58.125	58.125	58.125	58.203	58.191	58.219	58.207	58.203	58.211	58.195	58.195	58.195	58.207	58.207	58.203	58.223	58.219	58.262	58.242	58.242	58.234	58.207	58.258	58.262	58.27	58.246	58.203	58.211	58.207	58.129	58.121	58.125	58.043	58.043	58.047	58.027	58.043	58.043	58.055	58.055	58.047	58.035	58.043	58.047	58.035	58.043	58.043	58.047	58.031	58.055	58.047	58.035	58.031	58.043	58.035	58.043	58.035	58.031	58.062	58.047
57.785	57.797	57.785	57.816	57.797	57.777	57.785	57.762	57.785	57.777	57.789	57.773	57.777	57.785	57.777	57.762	57.797	57.789	57.789	57.852	57.867	57.867	57.867	57.871	57.871	57.844	57.812	57.805	57.797	57.789	57.773	57.773	57.777	57.777	57.762	57.777	57.785	57.789	57.695	57.703	57.691	57.691	57.703	57.691	57.703	57.691	57.703	57.695	57.695	57.703	57.695	57.703	57.695	57.777	57.785	57.785	57.785	57.785	57.785	57.777
57.426	57.434	57.422	57.414	57.434	57.41	57.437	57.437	57.434	57.422	57.414	57.426	57.434	57.434	57.434	57.437	57.508	57.508	57.52	57.613	57.598	57.613	57.602	57.602	57.602	57.59	57.504	57.52	57.492	57.504	57.492	57.516	57.52	57.508	57.422	57.426	57.422	57.359	57.383	57.371	57.344	57.352	57.355	57.367	57.352	57.34	57.34	57.371	57.371	57.426	57.371	57.359	57.379	57.434	57.437	57.426	57.434	57.434	57.437	57.461
53.574	53.594	53.574	53.59	53.582	53.574	53.578	53.574	53.59	53.551	53.551	53.539	53.523	53.582	53.578	53.59	53.617	53.578	53.66	53.656	53.578	53.59	53.582	53.582	53.535	53.539	53.516	53.539	53.496	53.496	53.496	53.5	53.43	53.418	53.406	53.352	53.367	53.375	53.363	53.34	53.367	53.375	53.336	53.336	53.332	53.332	53.336	53.254	53.246	53.254	53.254	53.254	53.238	53.23	53.246	53.254	53.23	53.254	53.254	53.242
49.707	49.703	49.711	49.711	49.707	49.711	49.707	49.711	49.711	49.719	49.723	49.703	49.711	49.719	49.707	49.805	49.785	49.801	49.879	49.883	49.887	49.883	49.879	49.867	49.879	49.879	49.879	49.789	49.789	49.785	49.797	49.785	49.695	49.723	49.707	49.711	49.711	49.703	49.711	49.711	49.703	49.695	49.707	49.703	49.691	49.711	49.711	49.707	49.703	49.703	49.707	49.695	49.719	49.711	49.609	49.625	49.613	49.621	49.621	49.629
49.062	49.035	49.059	49.043	49.074	49.055	49.055	49.059	49.031	49.027	49.043	49.031	49.043	49.055	49.055	49.109	49.117	49.113	49.191	49.195	49.207	49.203	49.195	49.195	49.195	49.203	49.117	49.117	49.113	49.098	49.109	49.109	49.117	49.043	49.102	49.047	49.043	49.113	49.059	49.055	49.062	49.062	49.07	49.047	49.059	49.055	49.043	49.062	49.082	49.047	49.035	49.043	49.074	49.062	49.055	49.035	49.043	49.047	49.059	49.055
49.043	49.047	49.129	49.059	49.062	49.031	49.059	49.059	49.031	49.062	49.117	49.055	49.117	49.109	49.113	49.18	49.191	49.184	49.195	49.203	49.195	49.219	49.203	49.203	49.211	49.203	49.125	49.117	49.125	49.117	49.117	49.117	49.043	49.035	49.059	49.047	49.031	49.02	49.035	49.031	49.113	49.062	49.027	49.059	49.043	49.059	49.082	49.043	49.062	49.062	49.047	49.047	49.062	49.062	49.082	49.059	49.047	49.059	49.07	49.047
49.055	49.109	49.055	49.043	49.113	49.035	49.027	49.027	49.031	49.016	49.035	49.027	49.035	49.035	49.055	49.074	49.109	49.125	49.113	49.117	49.211	49.219	49.195	49.207	49.125	49.113	49.137	49.117	49.098	49.117	49.055	49.035	49.074	49.031	49.043	49.035	49.016	49.02	49.031	49.027	49.016	49.027	49.043	49.031	49.031	49.055	49.059	49.031	49.043	48.941	48.949	48.953	48.965	48.977	49.055	49.027	49.031	49.043	49.035	49.031
48.961	48.941	48.941	48.961	49.035	49.035	48.953	48.949	48.953	48.961	48.961	48.934	49.031	49.043	49.035	49.031	49.062	49.055	49.117	49.117	49.113	49.125	49.113	49.117	49.125	49.137	49.059	49.055	49.07	49.047	49.062	49.02	49.043	49.047	48.988	48.965	48.949	48.953	48.949	48.949	48.949	48.953	48.953	48.941	48.914	48.859	48.867	48.883	48.883	48.867	48.867	48.879	48.871	48.867	48.879	48.859	48.953	48.953	48.953	48.961
48.195	48.191	48.219	48.211	48.219	48.199	48.273	48.281	48.277	48.289	48.289	48.266	48.281	48.273	48.277	48.355	48.375	48.453	48.449	48.43	48.461	48.449	48.43	48.426	48.461	48.453	48.453	48.367	48.359	48.359	48.367	48.289	48.281	48.273	48.277	48.219	48.277	48.227	48.227	48.207	48.207	48.234	48.207	48.219	48.223	48.234	48.281	48.195	48.207	48.207	48.195	48.191	48.199	48.195	48.211	48.207	48.184	48.199	48.227	48.223
48.02	48.016	48.016	48.031	48.004	48.008	48.02	48.016	48.004	48.023	48.031	48.016	48.016	48.02	48.016	48.02	48.02	48.035	48.113	48.105	48.129	48.117	48.105	48.117	48.117	48.113	48.102	48.113	48.031	48.02	48.016	48.02	48.023	48.031	48.02	48.047	48.031	48.02	48.02	48.023	48.035	48.023	48.035	48.023	48.047	48.016	48.02	48.023	48.023	47.941	47.937	47.941	47.93	47.949	47.941	48.023	48.043	48.043	48.031	48.031
47.848	47.844	47.859	47.859	47.855	47.859	47.848	47.848	47.848	47.855	47.859	47.855	47.832	47.848	47.848	47.922	47.926	47.93	47.941	47.93	48.02	48.02	48.02	48.023	48.02	47.93	47.926	47.941	47.941	47.941	47.93	47.93	47.93	47.922	47.836	47.844	47.848	47.848	47.848	47.828	47.859	47.836	47.844	47.848	47.836	47.848	47.859	47.805	47.805	47.789	47.855	47.781	47.789	47.816	47.781	47.762	47.777	47.859	47.805	47.789
47.855	47.855	47.848	47.844	47.867	47.855	47.836	47.922	47.922	47.937	47.848	47.941	47.922	47.937	47.941	48.02	48.031	48.031	48.023	48.023	48.023	48.031	48.07	48.023	48.023	48.059	48.016	48.02	48.008	48.008	48.02	48.02	48.016	48.02	47.926	47.941	47.937	47.914	47.926	47.93	47.844	47.848	47.848	47.855	47.836	47.844	47.844	47.848	47.855	47.781	47.836	47.789	47.855	47.836	47.836	47.828	47.836	47.848	47.848	47.848
47.93	47.926	47.941	47.926	47.926	47.937	47.937	47.937	47.926	47.937	47.844	47.844	47.848	47.941	47.93	47.941	48.016	48.02	48.008	48.02	48.023	48.02	48.008	48.023	48.02	48.016	48.016	48.02	48.016	48.004	48.02	48.008	47.93	47.93	47.926	47.859	47.848	47.848	47.844	47.844	47.848	47.844	47.848	47.859	47.855	47.848	47.844	47.844	47.848	47.844	47.859	47.855	47.859	47.859	47.844	47.859	47.836	47.859	47.832	47.848
47.793	47.809	47.793	47.789	47.793	47.805	47.828	47.801	47.781	47.805	47.809	47.789	47.777	47.809	47.859	47.848	47.844	47.836	47.93	47.93	47.926	47.93	47.926	47.93	47.93	47.93	47.836	47.855	47.859	47.855	47.859	47.844	47.82	47.809	47.816	47.816	47.781	47.789	47.781	47.777	47.777	47.754	47.773	47.766	47.75	47.766	47.773	47.777	47.687	47.68	47.695	47.68	47.672	47.668	47.684	47.68	47.773	47.762	47.777	47.762
47.094	47.172	47.16	47.168	47.211	47.172	47.16	47.16	47.16	47.16	47.16	47.156	47.172	47.172	47.238	47.234	47.238	47.32	47.309	47.316	47.316	47.336	47.344	47.32	47.32	47.328	47.332	47.328	47.328	47.25	47.238	47.254	47.238	47.168	47.16	47.16	47.129	47.117	47.09	47.113	47.125	47.117	47.16	47.113	47.117	47.125	47.117	47.102	47.102	47.105	47.09	47.125	47.105	47.105	47.105	47.117	47.125	47.105	47.16	47.113
47.105	47.086	47.102	47.113	47.105	47.105	47.129	47.113	47.129	47.094	47.117	47.129	47.113	47.129	47.16	47.168	47.25	47.234	47.242	47.332	47.328	47.242	47.234	47.25	47.242	47.242	47.254	47.25	47.242	47.16	47.168	47.168	47.125	47.125	47.117	47.113	47.094	47.113	47.094	47.105	47.125	47.105	47.102	47.172	47.094	47.113	47.125	47.117	47.113	47.125	47.102	47.102	47.16	47.141	47.18	47.129	47.117	47.102	47.113	47.125
47.004	47.02	47.012	47.012	47.012	47.062	47.094	47.102	47.094	47.094	47.113	47.113	47.113	47.086	47.129	47.129	47.113	47.195	47.156	47.172	47.172	47.156	47.16	47.156	47.172	47.187	47.141	47.16	47.156	47.086	47.16	47.105	47.105	47.09	47.094	47.086	47.102	47.09	47.078	46.996	46.996	47.004	46.996	47.02	47.012	47.008	46.996	46.996	47.008	47.004	47.008	47.008	46.996	47.008	47.004	46.996	47.004	47.004	47.004	47.004
47.086	47.094	47.086	47.09	47.086	47.078	47.086	47.078	47.078	47.086	47.09	47.094	47.086	47.094	47.09	47.113	47.117	47.156	47.168	47.172	47.168	47.168	47.16	47.18	47.168	47.16	47.113	47.117	47.125	47.125	47.129	47.09	47.102	47.102	47.02	47.023	47.008	47.012	47.02	47.004	46.996	47.008	47.004	47.023	47.02	46.926	46.926	46.937	46.918	46.93	46.93	46.918	46.926	46.941	46.937	46.918	46.918	46.945	46.926	47.023
47.004	47.012	47.012	47.004	46.992	47.004	46.996	46.992	46.992	46.996	47.008	46.996	47.09	47.066	47.094	47.141	47.117	47.16	47.156	47.16	47.168	47.16	47.156	47.156	47.156	47.172	47.113	47.145	47.133	47.129	47.113	47.09	47.102	47.094	47.008	47.004	47.008	46.996	46.926	46.926	46.914	46.937	46.898	46.918	46.918	46.965	46.957	46.926	46.914	46.918	46.918	46.914	46.926	46.918	46.918	46.93	46.918	46.914	46.914	46.914
46.93	46.914	46.898	46.918	46.918	46.926	46.914	46.93	46.914	46.918	46.918	46.91	46.91	46.957	46.918	46.918	47.004	47.004	47.086	47.09	47.086	47.078	47.09	47.086	47.094	47.078	47.09	47.066	47.09	47.008	47.012	47.004	47.008	46.914	46.902	46.926	46.918	46.918	46.91	46.918	46.918	46.914	46.902	46.918	46.91	46.93	46.914	46.914	46.926	46.93	46.914	46.898	46.914	46.918	46.914	46.914	46.918	46.926	46.926	46.91
46.734	46.734	46.727	46.824	46.809	46.82	46.832	46.816	46.809	46.816	46.82	46.82	46.82	46.816	46.91	46.898	46.918	46.898	46.996	46.992	46.992	46.984	46.902	46.902	46.898	46.891	46.902	46.902	46.914	46.902	46.91	46.918	46.816	46.82	46.832	46.82	46.832	46.738	46.734	46.727	46.738	46.734	46.742	46.715	46.727	46.742	46.734	46.75	46.738	46.684	46.687	46.742	46.687	46.734	46.742	46.742	46.734	46.738	46.75	46.727
46.844	46.832	46.832	46.844	46.832	46.832	46.824	46.848	46.836	46.816	46.82	46.809	46.824	46.926	46.926	46.918	46.937	46.941	46.91	46.996	46.98	46.984	46.996	46.91	46.93	46.902	46.914	46.926	46.914	46.914	46.902	46.898	46.891	46.902	46.918	46.809	46.844	46.824	46.832	46.832	46.832	46.816	46.832	46.742	46.734	46.738	46.742	46.766	46.734	46.742	46.742	46.734	46.734	46.738	46.75	46.742	46.75	46.754	46.738	46.766
46.695	46.687	46.672	46.734	46.672	46.727	46.742	46.75	46.742	46.742	46.668	46.66	46.687	46.742	46.723	46.715	46.809	46.805	46.902	46.898	46.902	46.898	46.898	46.91	46.902	46.902	46.914	46.914	46.91	46.832	46.816	46.824	46.738	46.734	46.687	46.672	46.684	46.687	46.695	46.687	46.684	46.699	46.687	46.695	46.695	46.672	46.668	46.684	46.656	46.656	46.645	46.66	46.656	46.648	46.672	46.66	46.676	46.684	46.672	46.672
46.668	46.656	46.648	46.695	46.668	46.66	46.672	46.656	46.66	46.656	46.656	46.656	46.648	46.668	46.676	46.687	46.742	46.738	46.742	46.82	46.82	46.82	46.824	46.82	46.742	46.738	46.742	46.742	46.742	46.742	46.676	46.687	46.687	46.668	46.656	46.648	46.648	46.656	46.648	46.645	46.648	46.672	46.66	46.656	46.648	46.648	46.656	46.66	46.656	46.648	46.648	46.66	46.668	46.66	46.656	46.66	46.648	46.66	46.641	46.656
46.324	46.32	46.324	46.324	46.32	46.32	46.324	46.297	46.305	46.316	46.262	46.254	46.316	46.332	46.32	46.316	46.391	46.398	46.48	46.484	46.48	46.48	46.473	46.484	46.492	46.496	46.496	46.484	46.469	46.402	46.398	46.402	46.398	46.391	46.41	46.414	46.332	46.316	46.336	46.332	46.32	46.309	46.309	46.316	46.309	46.324	46.32	46.324	46.332	46.32	46.305	46.316	46.254	46.262	46.262	46.32	46.332	46.32	46.32	46.324
46.332	46.32	46.332	46.316	46.332	46.324	46.32	46.324	46.32	46.297	46.32	46.316	46.32	46.297	46.398	46.391	46.473	46.496	46.48	46.496	46.484	46.496	46.484	46.484	46.484	46.48	46.492	46.48	46.492	46.496	46.492	46.402	46.41	46.387	46.41	46.316	46.32	46.305	46.309	46.32	46.324	46.316	46.332	46.316	46.316	46.316	46.32	46.32	46.332	46.32	46.32	46.316	46.324	46.309	46.316	46.32	46.316	46.32	46.32	46.32
46.316	46.305	46.309	46.316	46.316	46.402	46.402	46.402	46.387	46.402	46.391	46.398	46.41	46.391	46.484	46.484	46.484	46.484	46.48	46.492	46.484	46.473	46.484	46.512	46.48	46.496	46.484	46.496	46.496	46.484	46.48	46.391	46.398	46.391	46.398	46.32	46.32	46.309	46.324	46.309	46.316	46.316	46.32	46.32	46.316	46.324	46.309	46.305	46.309	46.309	46.32	46.309	46.309	46.316	46.309	46.324	46.324	46.316	46.324	46.309
46.297	46.309	46.305	46.316	46.32	46.309	46.32	46.32	46.316	46.324	46.32	46.316	46.316	46.41	46.402	46.414	46.473	46.473	46.48	46.48	46.48	46.48	46.484	46.484	46.484	46.496	46.48	46.484	46.492	46.48	46.473	46.379	46.387	46.402	46.398	46.387	46.309	46.32	46.297	46.305	46.32	46.32	46.332	46.336	46.316	46.316	46.324	46.32	46.309	46.309	46.277	46.254	46.27	46.262	46.254	46.324	46.309	46.316	46.316	46.32
46.277	46.309	46.254	46.262	46.305	46.262	46.32	46.336	46.324	46.32	46.25	46.25	46.316	46.32	46.305	46.398	46.398	46.398	46.484	46.469	46.508	46.473	46.484	46.48	46.539	46.492	46.48	46.492	46.48	46.484	46.484	46.484	46.387	46.391	46.414	46.391	46.309	46.32	46.305	46.309	46.305	46.297	46.309	46.297	46.309	46.32	46.316	46.266	46.293	46.254	46.242	46.254	46.25	46.289	46.254	46.309	46.27	46.242	46.316	46.309
46.316	46.324	46.309	46.309	46.402	46.402	46.41	46.32	46.305	46.32	46.297	46.324	46.316	46.332	46.402	46.398	46.48	46.469	46.48	46.484	46.496	46.469	46.48	46.48	46.484	46.484	46.492	46.48	46.473	46.473	46.402	46.387	46.391	46.309	46.32	46.316	46.316	46.324	46.227	46.27	46.254	46.266	46.27	46.25	46.23	46.27	46.277	46.238	46.223	46.227	46.23	46.23	46.23	46.227	46.223	46.23	46.227	46.262	46.25	46.266
46.574	46.574	46.562	46.562	46.562	46.562	46.559	46.566	46.566	46.559	46.562	46.562	46.648	46.641	46.656	46.66	46.687	46.668	46.668	46.738	46.727	46.727	46.738	46.695	46.684	46.699	46.687	46.676	46.676	46.687	46.66	46.645	46.668	46.574	46.562	46.562	46.559	46.578	46.566	46.574	46.562	46.566	46.566	46.574	46.578	46.566	46.484	46.48	46.484	46.484	46.52	46.48	46.484	46.48	46.484	46.496	46.496	46.492	46.508	46.492
46.574	46.578	46.656	46.668	46.656	46.66	46.668	46.66	46.656	46.66	46.66	46.668	46.668	46.645	46.695	46.707	46.742	46.742	46.836	46.832	46.824	46.832	46.824	46.75	46.75	46.738	46.738	46.738	46.734	46.687	46.738	46.672	46.668	46.656	46.656	46.656	46.574	46.562	46.574	46.574	46.566	46.586	46.574	46.566	46.574	46.574	46.578	46.578	46.574	46.578	46.578	46.586	46.578	46.566	46.586	46.578	46.574	46.574	46.578	46.559
46.32	46.266	46.324	46.281	46.336	46.32	46.32	46.32	46.316	46.32	46.309	46.332	46.32	46.402	46.41	46.391	46.492	46.496	46.5	46.508	46.492	46.496	46.484	46.492	46.492	46.414	46.414	46.398	46.41	46.391	46.398	46.309	46.332	46.309	46.309	46.309	46.254	46.242	46.25	46.238	46.32	46.27	46.254	46.254	46.262	46.297	46.277	46.25	46.23	46.23	46.25	46.23	46.23	46.23	46.23	46.23	46.25	46.254	46.316	46.262
46.27	46.25	46.297	46.324	46.324	46.316	46.324	46.297	46.309	46.316	46.316	46.316	46.297	46.316	46.402	46.41	46.492	46.473	46.48	46.473	46.484	46.492	46.473	46.48	46.473	46.484	46.48	46.48	46.48	46.391	46.391	46.398	46.316	46.316	46.324	46.316	46.316	46.262	46.254	46.266	46.242	46.25	46.309	46.238	46.309	46.254	46.223	46.23	46.23	46.211	46.215	46.23	46.215	46.223	46.223	46.223	46.215	46.211	46.25	46.25
46.254	46.25	46.23	46.305	46.23	46.227	46.23	46.223	46.27	46.238	46.227	46.25	46.223	46.305	46.305	46.293	46.387	46.379	46.469	46.48	46.48	46.48	46.48	46.473	46.484	46.48	46.48	46.48	46.473	46.473	46.387	46.387	46.387	46.316	46.316	46.305	46.316	46.242	46.305	46.297	46.293	46.309	46.297	46.305	46.309	46.309	46.297	46.254	46.242	46.227	46.23	46.309	46.242	46.32	46.238	46.266	46.297	46.227	46.238	46.262
46.41	46.391	46.398	46.391	46.48	46.484	46.48	46.473	46.473	46.484	46.414	46.414	46.402	46.484	46.496	46.484	46.473	46.496	46.48	46.48	46.465	46.48	46.508	46.492	46.473	46.48	46.469	46.473	46.469	46.48	46.48	46.469	46.473	46.484	46.48	46.484	46.48	46.387	46.41	46.398	46.387	46.41	46.398	46.41	46.402	46.41	46.398	46.41	46.398	46.402	46.305	46.332	46.316	46.398	46.41	46.414	46.402	46.391	46.398	46.391
46.648	46.656	46.648	46.645	46.645	46.641	46.641	46.648	46.648	46.648	46.633	46.656	46.648	46.633	46.66	46.672	46.734	46.723	46.816	46.816	46.816	46.82	46.809	46.824	46.809	46.824	46.824	46.816	46.734	46.738	46.738	46.742	46.711	46.695	46.668	46.672	46.668	46.687	46.687	46.695	46.695	46.687	46.676	46.684	46.648	46.648	46.641	46.645	46.629	46.648	46.641	46.551	46.562	46.648	46.648	46.656	46.648	46.633	46.633	46.648
46.996	47.004	46.984	47.004	47.078	47.09	47.078	47.074	47.074	47.066	47.066	47.078	47.078	47.094	47.078	47.102	47.113	47.18	47.152	47.156	47.152	47.156	47.152	47.156	47.105	47.125	47.152	47.156	47.125	47.145	47.09	47.086	47.09	47.086	46.992	46.992	46.984	47.004	46.996	46.996	47.004	46.996	46.996	46.98	46.992	46.98	47.008	46.984	46.926	46.902	46.918	46.914	46.902	46.914	46.91	46.953	46.902	46.91	46.914	46.902
38.738	38.738	38.754	38.754	38.762	38.734	38.762	38.742	38.754	38.75	38.734	38.754	38.75	38.742	38.734	38.754	38.828	38.82	38.91	38.918	38.898	38.93	38.926	38.918	38.914	38.926	38.836	38.828	38.836	38.82	38.828	38.844	38.738	38.766	38.734	38.75	38.805	38.797	38.723	38.742	38.742	38.734	38.75	38.742	38.75	38.668	38.66	38.66	38.672	38.672	38.684	38.672	38.684	38.684	38.672	38.687	38.68	38.672	38.684	38.668
38.359	38.371	38.344	38.359	38.352	38.352	38.348	38.371	38.352	38.344	38.375	38.359	38.363	38.371	38.398	38.441	38.441	38.523	38.52	38.535	38.523	38.531	38.523	38.523	38.535	38.523	38.535	38.457	38.437	38.437	38.445	38.445	38.437	38.363	38.359	38.387	38.359	38.383	38.352	38.359	38.371	38.348	38.363	38.371	38.375	38.348	38.363	38.344	38.363	38.348	38.363	38.363	38.359	38.363	38.359	38.352	38.371	38.359	38.359	38.363
38.371	38.371	38.371	38.363	38.359	38.359	38.363	38.359	38.352	38.363	38.336	38.348	38.359	38.332	38.363	38.332	38.437	38.414	38.445	38.512	38.5	38.508	38.512	38.508	38.512	38.453	38.43	38.43	38.445	38.418	38.41	38.336	38.375	38.336	38.344	38.336	38.371	38.375	38.371	38.359	38.363	38.363	38.352	38.359	38.336	38.344	38.359	38.359	38.336	38.363	38.352	38.363	38.352	38.348	38.352	38.352	38.332	38.363	38.352	38.359
38.371	38.352	38.375	38.359	38.371	38.375	38.371	38.363	38.352	38.359	38.32	38.348	38.352	38.363	38.348	38.332	38.426	38.43	38.5	38.5	38.531	38.512	38.523	38.523	38.523	38.535	38.41	38.453	38.426	38.453	38.469	38.426	38.344	38.363	38.352	38.348	38.387	38.332	38.363	38.352	38.348	38.359	38.359	38.332	38.371	38.348	38.371	38.383	38.359	38.359	38.281	38.352	38.371	38.359	38.336	38.359	38.359	38.324	38.371	38.387
38.371	38.371	38.371	38.348	38.363	38.352	38.363	38.348	38.371	38.359	38.324	38.375	38.344	38.363	38.352	38.352	38.426	38.441	38.441	38.512	38.523	38.5	38.523	38.418	38.414	38.437	38.426	38.437	38.414	38.43	38.375	38.359	38.363	38.41	38.359	38.336	38.324	38.363	38.324	38.359	38.352	38.348	38.359	38.348	38.352	38.344	38.348	38.363	38.359	38.352	38.336	38.344	38.344	38.348	38.336	38.375	38.352	38.348	38.371	38.336
38.359	38.371	38.359	38.363	38.363	38.363	38.363	38.359	38.363	38.371	38.348	38.359	38.348	38.375	38.375	38.359	38.441	38.437	38.512	38.531	38.539	38.531	38.535	38.508	38.508	38.523	38.437	38.437	38.418	38.418	38.437	38.437	38.414	38.324	38.348	38.344	38.352	38.383	38.387	38.383	38.348	38.375	38.363	38.363	38.363	38.348	38.332	38.332	38.344	38.324	38.348	38.348	38.352	38.363	38.348	38.332	38.359	38.352	38.324	38.336
38.387	38.371	38.344	38.363	38.359	38.398	38.375	38.363	38.363	38.348	38.348	38.402	38.344	38.418	38.437	38.414	38.512	38.539	38.574	38.52	38.539	38.562	38.566	38.574	38.52	38.547	38.531	38.531	38.52	38.535	38.508	38.5	38.512	38.437	38.418	38.43	38.426	38.441	38.445	38.426	38.437	38.418	38.437	38.332	38.359	38.324	38.371	38.348	38.344	38.359	38.336	38.336	38.375	38.359	38.344	38.363	38.344	38.359	38.363	38.348
38.352	38.352	38.324	38.344	38.324	38.332	38.32	38.332	38.348	38.332	38.359	38.352	38.344	38.414	38.43	38.43	38.508	38.523	38.566	38.562	38.539	38.566	38.566	38.551	38.566	38.547	38.531	38.512	38.512	38.52	38.512	38.512	38.52	38.531	38.441	38.414	38.43	38.426	38.418	38.426	38.43	38.418	38.418	38.348	38.324	38.344	38.359	38.344	38.352	38.344	38.352	38.348	38.348	38.359	38.332	38.359	38.324	38.344	38.348	38.41
38.383	38.336	38.344	38.344	38.352	38.332	38.332	38.352	38.344	38.352	38.359	38.348	38.324	38.332	38.414	38.418	38.492	38.484	38.523	38.574	38.586	38.559	38.586	38.547	38.5	38.512	38.508	38.52	38.508	38.5	38.414	38.418	38.426	38.414	38.426	38.426	38.43	38.445	38.332	38.41	38.316	38.344	38.348	38.336	38.398	38.352	38.344	38.359	38.348	38.344	38.344	38.348	38.344	38.344	38.336	38.363	38.336	38.344	38.336	38.332
38.336	38.41	38.398	38.352	38.352	38.359	38.352	38.398	38.348	38.332	38.332	38.324	38.348	38.348	38.348	38.43	38.426	38.52	38.512	38.52	38.551	38.559	38.547	38.547	38.52	38.512	38.5	38.508	38.523	38.508	38.418	38.418	38.445	38.441	38.441	38.437	38.344	38.352	38.344	38.359	38.344	38.344	38.348	38.352	38.359	38.363	38.359	38.336	38.348	38.32	38.348	38.348	38.332	38.348	38.348	38.336	38.332	38.332	38.324	38.359
38.359	38.371	38.363	38.348	38.359	38.348	38.352	38.348	38.359	38.352	38.352	38.352	38.336	38.348	38.348	38.426	38.418	38.5	38.5	38.523	38.508	38.566	38.508	38.512	38.508	38.512	38.512	38.52	38.512	38.418	38.426	38.441	38.441	38.445	38.445	38.332	38.352	38.352	38.359	38.348	38.332	38.359	38.336	38.359	38.348	38.344	38.336	38.348	38.352	38.363	38.352	38.332	38.324	38.352	38.352	38.352	38.336	38.332	38.344	38.344
38.359	38.352	38.363	38.363	38.371	38.352	38.371	38.375	38.352	38.348	38.352	38.359	38.359	38.363	38.387	38.363	38.437	38.41	38.512	38.523	38.523	38.531	38.512	38.484	38.512	38.523	38.52	38.5	38.437	38.43	38.414	38.418	38.445	38.418	38.437	38.348	38.344	38.363	38.359	38.348	38.352	38.32	38.352	38.348	38.359	38.352	38.359	38.359	38.359	38.359	38.324	38.348	38.344	38.332	38.336	38.344	38.344	38.348	38.324	38.348
38.359	38.371	38.359	38.371	38.371	38.359	38.383	38.363	38.359	38.352	38.344	38.344	38.363	38.348	38.363	38.352	38.445	38.441	38.5	38.508	38.496	38.512	38.508	38.535	38.52	38.512	38.512	38.496	38.441	38.43	38.437	38.41	38.437	38.441	38.359	38.371	38.359	38.383	38.375	38.352	38.344	38.359	38.363	38.359	38.348	38.344	38.371	38.363	38.363	38.332	38.348	38.348	38.336	38.348	38.363	38.359	38.359	38.348	38.344	38.336
38.363	38.371	38.371	38.359	38.359	38.363	38.363	38.359	38.359	38.359	38.359	38.363	38.359	38.371	38.383	38.363	38.453	38.445	38.523	38.523	38.52	38.535	38.535	38.523	38.535	38.445	38.445	38.437	38.453	38.457	38.437	38.363	38.363	38.375	38.371	38.371	38.402	38.371	38.359	38.371	38.348	38.352	38.344	38.336	38.352	38.352	38.363	38.363	38.363	38.352	38.363	38.344	38.352	38.332	38.359	38.359	38.363	38.348	38.332	38.352
38.363	38.375	38.371	38.375	38.363	38.375	38.371	38.371	38.363	38.352	38.324	38.363	38.344	38.348	38.352	38.453	38.414	38.535	38.512	38.512	38.496	38.602	38.547	38.512	38.512	38.535	38.496	38.523	38.535	38.457	38.445	38.437	38.441	38.437	38.418	38.352	38.352	38.348	38.344	38.359	38.359	38.344	38.352	38.332	38.359	38.344	38.352	38.352	38.344	38.352	38.363	38.359	38.359	38.324	38.336	38.363	38.359	38.375	38.371	38.363
38.371	38.375	38.375	38.375	38.371	38.348	38.371	38.363	38.371	38.363	38.344	38.332	38.363	38.371	38.348	38.43	38.437	38.5	38.523	38.551	38.551	38.547	38.539	38.551	38.562	38.52	38.531	38.508	38.531	38.508	38.512	38.453	38.445	38.441	38.457	38.445	38.387	38.371	38.352	38.363	38.352	38.363	38.348	38.363	38.414	38.363	38.336	38.336	38.352	38.371	38.348	38.352	38.359	38.359	38.352	38.344	38.348	38.363	38.348	38.383
38.684	38.695	38.695	38.699	38.695	38.699	38.687	38.687	38.699	38.699	38.699	38.687	38.684	38.75	38.754	38.77	38.77	38.762	38.855	38.848	38.859	38.855	38.859	38.871	38.855	38.77	38.805	38.762	38.77	38.77	38.762	38.766	38.754	38.75	38.766	38.766	38.77	38.766	38.766	38.77	38.766	38.766	38.77	38.777	38.77	38.754	38.687	38.699	38.699	38.687	38.687	38.684	38.699	38.699	38.695	38.699	38.695	38.684	38.695	38.687
39.09	39.098	39.098	39.09	39.098	39.086	39.09	39.09	39.09	39.078	39.078	39.098	39.09	39.09	39.184	39.172	39.168	39.172	39.254	39.254	39.262	39.25	39.238	39.25	39.262	39.207	39.172	39.172	39.207	39.172	39.18	39.172	39.184	39.172	39.172	39.184	39.172	39.184	39.172	39.18	39.172	39.086	39.086	39.086	39.074	39.086	39.098	39.102	39.102	39.086	39.09	39.086	39.098	39.086	39.098	39.098	39.086	39.074	39.074	39.086
39.098	39.098	39.09	39.098	39.098	39.098	39.102	39.098	39.09	39.074	39.09	39.098	39.078	39.098	39.168	39.168	39.18	39.207	39.223	39.254	39.273	39.262	39.266	39.172	39.187	39.18	39.172	39.187	39.168	39.18	39.168	39.184	39.172	39.184	39.18	39.098	39.102	39.102	39.102	39.105	39.098	39.078	39.09	39.09	39.078	39.086	39.086	39.086	39.02	39.02	39.004	39.008	39.02	39.02	39.098	39.09	39.098	39.086	39.086	39.098
39.074	39.086	39.086	39.086	39.078	39.078	39.09	39.078	39.078	39.102	39.102	39.078	39.098	39.16	39.172	39.172	39.172	39.266	39.254	39.266	39.25	39.25	39.254	39.246	39.262	39.254	39.254	39.254	39.254	39.168	39.18	39.18	39.18	39.16	39.172	39.168	39.172	39.172	39.172	39.168	39.16	39.16	39.172	39.168	39.18	39.09	39.086	39.086	39.09	39.066	39.09	39.078	39.086	39.086	39.09	39.074	39.086	39.086	39.098	39.086
39.18	39.195	39.184	39.184	39.184	39.184	39.184	39.187	39.187	39.18	39.195	39.187	39.18	39.184	39.18	39.211	39.266	39.277	39.348	39.348	39.348	39.344	39.348	39.344	39.355	39.355	39.266	39.262	39.266	39.262	39.254	39.262	39.215	39.207	39.211	39.172	39.195	39.172	39.184	39.18	39.184	39.25	39.18	39.184	39.18	39.184	39.18	39.184	39.207	39.18	39.168	39.102	39.105	39.141	39.172	39.172	39.184	39.172	39.172	39.172
39.008	39.012	39.031	39.012	39.012	39.012	39.012	39.023	39.02	39.02	39.023	39.02	39.008	39.074	39.078	39.086	39.172	39.18	39.18	39.187	39.18	39.234	39.184	39.168	39.18	39.195	39.172	39.18	39.187	39.18	39.184	39.172	39.18	39.187	39.113	39.102	39.102	39.09	39.098	39.102	39.098	39.09	39.105	39.09	39.09	39.105	39.102	39.09	39.012	39.012	39.02	39.012	39.023	39.02	39.074	39.023	39.105	39.098	39.105	39.102
39.187	39.199	39.18	39.184	39.184	39.18	39.18	39.184	39.172	39.184	39.184	39.184	39.187	39.187	39.184	39.184	39.266	39.277	39.344	39.348	39.332	39.359	39.336	39.359	39.355	39.266	39.277	39.277	39.262	39.262	39.184	39.195	39.187	39.172	39.187	39.195	39.184	39.199	39.187	39.184	39.187	39.195	39.184	39.184	39.184	39.184	39.187	39.18	39.187	39.187	39.18	39.18	39.105	39.102	39.187	39.187	39.187	39.18	39.195	39.187
39.09	39.102	39.102	39.098	39.102	39.098	39.09	39.098	39.086	39.086	39.086	39.098	39.086	39.086	39.156	39.172	39.18	39.168	39.254	39.262	39.25	39.254	39.25	39.25	39.18	39.187	39.207	39.18	39.172	39.168	39.18	39.172	39.172	39.18	39.184	39.16	39.168	39.18	39.187	39.184	39.18	39.18	39.172	39.172	39.102	39.09	39.098	39.098	39.09	39.086	39.09	39.09	39.09	39.09	39.102	39.102	39.09	39.09	39.09	39.098
38.949	38.969	38.957	38.941	38.953	38.957	39.02	39.02	38.957	39.004	38.941	39.004	38.953	39.008	39.004	39.098	39.09	39.172	39.18	39.172	39.184	39.18	39.168	39.187	39.172	39.184	39.156	39.113	39.078	39.09	39.09	39.098	39.074	39.012	39.012	39.02	39.012	39.012	38.996	39.023	39.02	39.008	39.012	39.008	39.008	39.008	39.008	38.965	38.957	39.012	38.937	38.965	38.965	39.004	39.004	38.949	39.012	38.996	39.012	38.969
38.754	38.766	38.766	38.77	38.766	38.762	38.754	38.75	38.742	38.781	38.766	38.754	38.754	38.754	38.836	38.832	38.93	38.93	38.969	38.941	38.949	38.941	39.012	38.953	38.957	38.965	38.953	38.93	38.937	38.937	38.93	38.93	38.926	38.914	38.844	38.836	38.848	38.836	38.844	38.844	38.859	38.844	38.848	38.762	38.766	38.75	38.797	38.77	38.762	38.762	38.754	38.766	38.766	38.762	38.754	38.762	38.762	38.766	38.766	38.75
38.754	38.762	38.766	38.754	38.762	38.77	38.742	38.754	38.77	38.762	38.754	38.754	38.762	38.762	38.766	38.77	38.855	38.855	38.848	38.937	38.937	38.93	38.848	38.855	38.855	38.844	38.848	38.836	38.848	38.789	38.789	38.754	38.766	38.75	38.754	38.797	38.766	38.762	38.77	38.766	38.762	38.754	38.754	38.75	38.762	38.762	38.766	38.77	38.766	38.687	38.766	38.699	38.695	38.687	38.695	38.695	38.762	38.762	38.762	38.75
38.613	38.602	38.602	38.602	38.613	38.687	38.687	38.684	38.602	38.629	38.59	38.605	38.684	38.699	38.687	38.766	38.754	38.75	38.75	38.77	38.754	38.754	38.754	38.77	38.766	38.77	38.762	38.77	38.766	38.754	38.754	38.766	38.77	38.766	38.687	38.695	38.699	38.687	38.699	38.687	38.695	38.699	38.687	38.707	38.699	38.687	38.699	38.687	38.699	38.695	38.684	38.684	38.641	38.687	38.613	38.668	38.695	38.648	38.605	38.621
38.437	38.441	38.418	38.437	38.437	38.437	38.437	38.414	38.437	38.437	38.437	38.426	38.437	38.496	38.512	38.508	38.566	38.547	38.605	38.605	38.602	38.602	38.605	38.594	38.602	38.578	38.547	38.551	38.535	38.559	38.551	38.59	38.512	38.5	38.52	38.512	38.508	38.512	38.512	38.5	38.508	38.508	38.52	38.5	38.43	38.418	38.426	38.441	38.418	38.418	38.437	38.43	38.426	38.43	38.418	38.426	38.414	38.418	38.414	38.414
38.418	38.418	38.426	38.426	38.441	38.43	38.43	38.418	38.437	38.43	38.437	38.441	38.512	38.512	38.508	38.523	38.551	38.617	38.613	38.687	38.684	38.687	38.695	38.687	38.605	38.617	38.586	38.605	38.617	38.629	38.539	38.535	38.602	38.535	38.535	38.512	38.523	38.508	38.512	38.52	38.512	38.512	38.5	38.512	38.512	38.5	38.52	38.418	38.441	38.445	38.43	38.437	38.437	38.43	38.437	38.441	38.437	38.426	38.426	38.43
38.441	38.441	38.441	38.441	38.453	38.437	38.441	38.437	38.441	38.441	38.43	38.43	38.43	38.441	38.508	38.512	38.531	38.551	38.613	38.605	38.629	38.59	38.605	38.605	38.594	38.539	38.586	38.559	38.559	38.559	38.566	38.52	38.523	38.508	38.52	38.512	38.52	38.52	38.52	38.52	38.508	38.512	38.437	38.43	38.437	38.437	38.445	38.437	38.418	38.359	38.348	38.363	38.359	38.348	38.348	38.391	38.43	38.43	38.437	38.437
38.437	38.43	38.426	38.437	38.43	38.445	38.43	38.43	38.437	38.43	38.441	38.441	38.426	38.437	38.512	38.508	38.531	38.602	38.547	38.59	38.594	38.578	38.602	38.586	38.621	38.559	38.531	38.539	38.551	38.602	38.551	38.508	38.52	38.52	38.508	38.5	38.5	38.418	38.426	38.426	38.43	38.43	38.43	38.426	38.418	38.43	38.43	38.418	38.441	38.359	38.414	38.336	38.336	38.344	38.348	38.348	38.344	38.437	38.348	38.426
38.348	38.344	38.344	38.348	38.352	38.344	38.344	38.352	38.348	38.348	38.344	38.344	38.336	38.359	38.363	38.426	38.426	38.512	38.52	38.523	38.52	38.5	38.492	38.508	38.523	38.523	38.512	38.437	38.437	38.426	38.437	38.426	38.414	38.344	38.344	38.344	38.383	38.348	38.348	38.352	38.348	38.348	38.344	38.344	38.336	38.352	38.348	38.352	38.348	38.344	38.348	38.352	38.344	38.332	38.359	38.336	38.348	38.352	38.344	38.344
